0.461493 -0.476852 0.748088 0.000000
0.886323 0.211558 -0.411917 0.000000
0.038159 0.853144 0.520278 0.000000
0.000000 0.000000 0.000000 1.000000
